//bnmachine.ttf

50 72

A
72 9 41 -1
63 0 50
54 0 19 31 50
41 0 50
23 0 19 31 50
0 0 19 31 50

B
72 0 41 -1
63 0 50
53 0 18 32 50
49 0 50
43 0 50 -1
34 0 41 -1
25 0 50
23 0 18 32 50
19 0 50
9 0 50 -1
0 0 41

C
72 9 50 -1
63 0 50
54 0 18
19 0 50
9 0 50 -1
0 9 50

D
72 0 41 -1
63 0 50
54 0 19 32 50
19 0 50
9 0 50 -1
0 0 41

E
72 9 50 -1
63 0 50
54 0 19
45 0 42
27 0 19
19 0 50
9 0 50 -1
0 9 50

F
72 9 50 -1
63 0 50
54 0 19
41 0 42
23 0 19
0 0 19

G
72 9 50 -1
63 0 50
54 0 18
41 0 18 22 50
23 0 18 32 50
19 0 50
9 0 50 -1
0 9 41

H
72 0 19 31 50
42 0 50
24 0 19 31 50
0 0 19 31 50

I
72 0 19
0 0 19

J
72 20 39
19 0 39
9 0 39 -1
0 0 30

K
72 0 19 31 50
43 0 19 31 50 -1
42 0 19 31 49
42 0 49 -1
34 0 41 -1
25 0 50
24 0 19 32 50
0 0 19 32 50

L
72 0 19
19 0 50
9 0 50
0 9 50

M
72 0 43 -1
63 0 50
54 0 14 17 32 35 50
0 0 14 17 32 35 50

N
72 0 19 31 50 -1
43 0 31 31 50
29 0 19 19 50 -1
0 0 19 31 50

O
72 9 41 -1
63 0 50
54 0 18 32 50
19 0 50
9 0 50 -1
0 9 41

P
72 0 41 -1
63 0 50
54 0 19 32 50
29 0 50
19 0 50 -1
10 0 41
9 0 19
0 0 19

Q
72 9 41 -1
64 0 50
56 0 18 32 50
25 0 50
16 0 50 -1
8 9 41
7 16 34
0 16 34

R
72 0 41 -1
63 0 50
54 0 18 32 50
49 0 50
43 0 50 -1
34 0 41 -1
25 0 50
24 0 18 32 50
0 0 18 32 50

S
72 9 50 -1
63 0 50
54 0 18
46 0 41 -1
37 0 50
36 0 50 -1
27 9 50
26 32 50
19 0 50
9 0 50 -1
0 0 41

T
72 0 50
54 16 34
0 16 34

U
72 0 18 32 50
19 0 50
9 0 50 -1
0 0 41

V
72 0 18 32 50
19 0 50
9 0 50 -1
0 9 41

W
72 0 14 36 50
59 0 14 25 25 36 50 -1
49 0 14 17 31 36 50
19 0 50
9 0 25 25 50 -1
0 7 18 32 43

X
72 0 19 31 50
49 0 50
47 0 50 -1
38 9 41 -1
30 1 49
29 0 19 31 50
0 0 19 31 50

Y
72 0 19 31 50
49 0 50
42 0 50 -1
33 9 41
32 16 34
0 16 34

Z
72 0 50
54 29 50 -1
19 0 22
18 0 50
0 0 50
